Number of subjects: 27
Input features: 6
Total samples: 120,583,958
Unique labels: [0. 1. 2.]
Samples with label 0: 120,056,467
Samples with label 1: 516,411
Samples with label 2: 11,080

Subject-wise Sample Distribution:
Subject_ID | Label_0 | Label_1 | Label_2
------------------------------------
1          | 5960027 | 31123   | 0      
2          | 8046519 | 36107   | 0      
3          | 5539663 | 38091   | 0      
4          | 5585176 | 28616   | 0      
5          | 8965350 | 27254   | 0      
6          | 5814183 | 26371   | 0      
7          | 6050202 | 13318   | 0      
8          | 7625051 | 14573   | 0      
9          | 4321576 | 13174   | 0      
10         | 4461120 | 8298    | 0      
11         | 3187763 | 5937    | 0      
12         | 3508541 | 7683    | 0      
13         | 4664406 | 9294    | 0      
14         | 2744231 | 8525    | 0      
15         | 2815267 | 14265   | 0      
16         | 3692130 | 17058   | 0      
17         | 2482009 | 16693   | 0      
18         | 2660436 | 5178    | 0      
19         | 4785487 | 13021   | 0      
20         | 3683172 | 19902   | 0      
21         | 3681011 | 20473   | 0      
22         | 2548493 | 19511   | 0      
23         | 3611518 | 16730   | 0      
24         | 3378100 | 6982    | 0      
25         | 4806673 | 16831   | 0      
26         | 2726723 | 34050   | 5253   
27         | 2711640 | 47353   | 5827   
