Number of subjects: 674
Input features: 6
Total samples: 8,443,358
Unique labels: [0 1 2]
Samples with label 0: 7,244,189
Samples with label 1: 927,315
Samples with label 2: 271,854

Subject-wise Sample Distribution:
Subject_ID | Label_0 | Label_1 | Label_2
------------------------------------
1          | 11023   | 1081    | 0      
2          | 9716    | 1472    | 339    
3          | 12539   | 993     | 667    
4          | 9286    | 1543    | 676    
5          | 17728   | 954     | 773    
6          | 16124   | 935     | 100    
7          | 20682   | 1537    | 0      
8          | 12353   | 1131    | 407    
9          | 9299    | 577     | 0      
10         | 11372   | 1780    | 1633   
11         | 5899    | 664     | 624    
12         | 17139   | 2727    | 830    
13         | 10221   | 3022    | 1074   
14         | 15757   | 516     | 0      
15         | 6753    | 853     | 0      
16         | 3799    | 1927    | 0      
17         | 4336    | 630     | 97     
18         | 6039    | 697     | 615    
19         | 5535    | 685     | 305    
20         | 15781   | 2712    | 607    
21         | 13277   | 3226    | 472    
22         | 15684   | 2362    | 154    
23         | 16253   | 1850    | 317    
24         | 6662    | 294     | 0      
25         | 13477   | 1541    | 0      
26         | 6430    | 879     | 0      
27         | 12301   | 1569    | 667    
28         | 23454   | 1995    | 355    
29         | 20624   | 1591    | 1315   
30         | 9783    | 1414    | 762    
31         | 8000    | 1126    | 875    
32         | 4365    | 1201    | 884    
33         | 22901   | 2233    | 0      
34         | 14285   | 1493    | 520    
35         | 14831   | 1068    | 541    
36         | 13673   | 1276    | 551    
37         | 9779    | 1018    | 1151   
38         | 12699   | 1443    | 521    
39         | 9715    | 1549    | 0      
40         | 12418   | 1207    | 0      
41         | 10535   | 1609    | 0      
42         | 6443    | 1363    | 0      
43         | 17183   | 1719    | 1373   
44         | 17005   | 2635    | 0      
45         | 6171    | 1038    | 0      
46         | 7490    | 715     | 0      
47         | 5695    | 684     | 324    
48         | 4930    | 615     | 0      
49         | 11316   | 1628    | 558    
50         | 10421   | 1419    | 0      
51         | 5016    | 705     | 0      
52         | 10787   | 1747    | 881    
53         | 7438    | 1436    | 195    
54         | 5008    | 1105    | 0      
55         | 8106    | 1915    | 1028   
56         | 11748   | 1948    | 1160   
57         | 8975    | 1462    | 785    
58         | 6574    | 1192    | 189    
59         | 3237    | 413     | 787    
60         | 14268   | 1714    | 413    
61         | 4455    | 251     | 281    
62         | 10128   | 2249    | 832    
63         | 11345   | 1445    | 961    
64         | 6967    | 1294    | 599    
65         | 6827    | 818     | 1366   
66         | 12374   | 2344    | 926    
67         | 6775    | 614     | 917    
68         | 7909    | 1428    | 508    
69         | 8045    | 485     | 764    
70         | 6541    | 1123    | 1239   
71         | 4608    | 626     | 390    
72         | 12128   | 3314    | 770    
73         | 3754    | 428     | 150    
74         | 6023    | 1295    | 579    
75         | 7101    | 676     | 665    
76         | 5425    | 793     | 0      
77         | 3461    | 606     | 403    
78         | 9545    | 939     | 439    
79         | 8587    | 1397    | 523    
80         | 17147   | 2123    | 1427   
81         | 8964    | 756     | 654    
82         | 8969    | 1427    | 95     
83         | 5684    | 880     | 428    
84         | 13385   | 1547    | 227    
85         | 16705   | 2408    | 469    
86         | 7660    | 1021    | 512    
87         | 10284   | 2163    | 281    
88         | 13295   | 1542    | 2089   
89         | 7276    | 701     | 124    
90         | 18839   | 1563    | 821    
91         | 19804   | 2948    | 495    
92         | 19677   | 1909    | 0      
93         | 10801   | 1887    | 464    
94         | 10425   | 1457    | 1267   
95         | 29192   | 3174    | 1777   
96         | 9156    | 1841    | 0      
97         | 8445    | 1191    | 0      
98         | 4102    | 1177    | 47     
99         | 6877    | 933     | 0      
100        | 4587    | 250     | 191    
101        | 2778    | 384     | 209    
102        | 4993    | 558     | 0      
103        | 4768    | 607     | 158    
104        | 4674    | 614     | 293    
105        | 3264    | 448     | 0      
106        | 8063    | 1169    | 0      
107        | 25465   | 2025    | 0      
108        | 23991   | 2302    | 0      
109        | 4985    | 1282    | 0      
110        | 15538   | 1981    | 408    
111        | 6863    | 686     | 268    
112        | 9161    | 1695    | 498    
113        | 7880    | 1434    | 0      
114        | 21643   | 526     | 407    
115        | 11623   | 1984    | 1315   
116        | 21974   | 3250    | 2581   
117        | 11072   | 983     | 248    
118        | 7858    | 1341    | 0      
119        | 12436   | 1743    | 632    
120        | 2996    | 714     | 204    
121        | 10288   | 585     | 539    
122        | 10433   | 954     | 767    
123        | 4828    | 731     | 0      
124        | 16443   | 2590    | 1166   
125        | 2523    | 547     | 0      
126        | 10127   | 1439    | 398    
127        | 8497    | 1230    | 711    
128        | 11506   | 1318    | 0      
129        | 8391    | 1405    | 420    
130        | 11075   | 861     | 0      
131        | 12677   | 738     | 0      
132        | 14242   | 992     | 231    
133        | 17015   | 1284    | 583    
134        | 18887   | 1180    | 199    
135        | 15877   | 383     | 497    
136        | 27945   | 1592    | 1009   
137        | 21574   | 4101    | 694    
138        | 15744   | 1857    | 0      
139        | 14159   | 1805    | 389    
140        | 14782   | 1439    | 903    
141        | 8737    | 981     | 293    
142        | 26438   | 2178    | 800    
143        | 2637    | 327     | 269    
144        | 12856   | 1828    | 192    
145        | 4541    | 591     | 165    
146        | 7313    | 1365    | 510    
147        | 9276    | 780     | 2021   
148        | 2713    | 453     | 816    
149        | 13183   | 1015    | 258    
150        | 16086   | 736     | 0      
151        | 10141   | 1030    | 543    
152        | 4814    | 726     | 0      
153        | 10310   | 2562    | 0      
154        | 5996    | 404     | 0      
155        | 3683    | 2037    | 0      
156        | 11386   | 2164    | 761    
157        | 4095    | 474     | 519    
158        | 14364   | 1264    | 974    
159        | 8953    | 1929    | 357    
160        | 5324    | 830     | 103    
161        | 6793    | 697     | 851    
162        | 10682   | 1924    | 445    
163        | 9029    | 1457    | 0      
164        | 6899    | 533     | 185    
165        | 14570   | 1670    | 162    
166        | 6857    | 1743    | 682    
167        | 3628    | 500     | 563    
168        | 9423    | 1397    | 446    
169        | 8479    | 1649    | 595    
170        | 5308    | 1631    | 232    
171        | 14316   | 1609    | 0      
172        | 8669    | 840     | 0      
173        | 2803    | 641     | 0      
174        | 7290    | 1297    | 612    
175        | 15309   | 1824    | 0      
176        | 4743    | 1162    | 295    
177        | 10922   | 697     | 418    
178        | 3163    | 778     | 235    
179        | 10451   | 1207    | 0      
180        | 10293   | 782     | 0      
181        | 9159    | 1436    | 0      
182        | 10609   | 1797    | 0      
183        | 4846    | 956     | 0      
184        | 12245   | 1850    | 406    
185        | 7984    | 1683    | 0      
186        | 4077    | 1080    | 264    
187        | 6646    | 1260    | 114    
188        | 5898    | 966     | 0      
189        | 3870    | 486     | 0      
190        | 10028   | 1598    | 0      
191        | 7664    | 873     | 0      
192        | 20685   | 1929    | 306    
193        | 7195    | 258     | 45     
194        | 18128   | 1715    | 538    
195        | 13251   | 779     | 792    
196        | 11089   | 1887    | 339    
197        | 4493    | 956     | 367    
198        | 11879   | 2031    | 145    
199        | 18285   | 1581    | 733    
200        | 21911   | 1064    | 405    
201        | 11696   | 1415    | 152    
202        | 8101    | 778     | 431    
203        | 27652   | 1327    | 466    
204        | 15105   | 2539    | 544    
205        | 13260   | 1456    | 795    
206        | 15169   | 1167    | 0      
207        | 18597   | 985     | 0      
208        | 16972   | 1391    | 296    
209        | 14352   | 1283    | 1005   
210        | 12050   | 1225    | 0      
211        | 5283    | 402     | 0      
212        | 15684   | 1197    | 1240   
213        | 18272   | 446     | 410    
214        | 17132   | 2605    | 796    
215        | 20106   | 1878    | 887    
216        | 10544   | 334     | 0      
217        | 17627   | 1481    | 0      
218        | 9181    | 1513    | 262    
219        | 9443    | 1398    | 0      
220        | 14023   | 1779    | 376    
221        | 13069   | 724     | 0      
222        | 6056    | 1246    | 741    
223        | 7240    | 1144    | 0      
224        | 11777   | 1006    | 0      
225        | 7754    | 387     | 0      
226        | 13449   | 1377    | 224    
227        | 8056    | 1210    | 0      
228        | 4865    | 666     | 189    
229        | 4464    | 703     | 347    
230        | 2881    | 539     | 0      
231        | 6232    | 1783    | 407    
232        | 6116    | 1567    | 63     
233        | 8874    | 2100    | 0      
234        | 3561    | 622     | 0      
235        | 9891    | 1365    | 369    
236        | 8004    | 599     | 1364   
237        | 12769   | 1959    | 179    
238        | 2002    | 218     | 93     
239        | 8563    | 1286    | 561    
240        | 14704   | 1672    | 531    
241        | 2114    | 237     | 441    
242        | 11591   | 1383    | 0      
243        | 12240   | 1295    | 0      
244        | 4825    | 308     | 0      
245        | 10491   | 1835    | 222    
246        | 2698    | 603     | 0      
247        | 15431   | 2448    | 55     
248        | 11819   | 1866    | 460    
249        | 15115   | 2036    | 244    
250        | 6110    | 1175    | 442    
251        | 11212   | 3681    | 645    
252        | 1907    | 246     | 167    
253        | 13333   | 1658    | 93     
254        | 10707   | 1948    | 1519   
255        | 7154    | 821     | 756    
256        | 18232   | 1990    | 256    
257        | 14660   | 1718    | 0      
258        | 7015    | 1262    | 0      
259        | 10799   | 1823    | 0      
260        | 6313    | 880     | 0      
261        | 15227   | 1914    | 199    
262        | 7749    | 492     | 714    
263        | 9758    | 939     | 391    
264        | 4268    | 381     | 384    
265        | 10176   | 699     | 0      
266        | 5153    | 1372    | 0      
267        | 3981    | 548     | 407    
268        | 18080   | 1555    | 0      
269        | 8030    | 1071    | 0      
270        | 15491   | 2175    | 0      
271        | 9083    | 750     | 237    
272        | 5206    | 825     | 333    
273        | 16379   | 1724    | 475    
274        | 7936    | 1655    | 597    
275        | 9007    | 1469    | 498    
276        | 14164   | 834     | 0      
277        | 9681    | 530     | 490    
278        | 14821   | 1318    | 359    
279        | 25704   | 3035    | 0      
280        | 7048    | 807     | 414    
281        | 5472    | 970     | 701    
282        | 5189    | 1618    | 697    
283        | 8412    | 1442    | 256    
284        | 11391   | 2832    | 0      
285        | 10448   | 1803    | 0      
286        | 8144    | 1204    | 0      
287        | 9507    | 1232    | 0      
288        | 11614   | 816     | 0      
289        | 9576    | 1215    | 206    
290        | 7994    | 343     | 0      
291        | 11162   | 863     | 334    
292        | 11002   | 1734    | 221    
293        | 9994    | 923     | 969    
294        | 12150   | 1665    | 0      
295        | 8574    | 1005    | 0      
296        | 5918    | 521     | 0      
297        | 12391   | 2048    | 483    
298        | 14595   | 481     | 0      
299        | 16801   | 1116    | 591    
300        | 18744   | 1747    | 808    
301        | 16254   | 1831    | 0      
302        | 24472   | 3496    | 0      
303        | 8307    | 1002    | 227    
304        | 15649   | 1630    | 754    
305        | 3537    | 456     | 243    
306        | 11165   | 2322    | 1009   
307        | 7656    | 2034    | 448    
308        | 20794   | 1491    | 1137   
309        | 8100    | 1329    | 788    
310        | 7608    | 1331    | 645    
311        | 13620   | 1798    | 0      
312        | 5275    | 270     | 344    
313        | 7910    | 1243    | 179    
314        | 13331   | 1595    | 673    
315        | 13443   | 2120    | 428    
316        | 10476   | 758     | 0      
317        | 12253   | 1001    | 414    
318        | 6924    | 699     | 0      
319        | 7377    | 675     | 154    
320        | 6573    | 742     | 516    
321        | 23573   | 1604    | 334    
322        | 23662   | 2620    | 1174   
323        | 17325   | 1283    | 1055   
324        | 11878   | 1270    | 0      
325        | 14053   | 2471    | 1736   
326        | 5145    | 811     | 588    
327        | 8370    | 1499    | 204    
328        | 24748   | 3187    | 308    
329        | 7133    | 1143    | 379    
330        | 8135    | 1384    | 309    
331        | 7223    | 1419    | 0      
332        | 5557    | 1046    | 0      
333        | 10135   | 1612    | 141    
334        | 6675    | 516     | 230    
335        | 15010   | 1541    | 417    
336        | 20661   | 1219    | 821    
337        | 6116    | 1269    | 798    
338        | 16747   | 975     | 1250   
339        | 12009   | 2887    | 190    
340        | 2644    | 687     | 82     
341        | 6141    | 1222    | 324    
342        | 11817   | 1656    | 1150   
343        | 22772   | 2160    | 1883   
344        | 6126    | 1248    | 437    
345        | 7847    | 1036    | 311    
346        | 6672    | 1034    | 666    
347        | 7369    | 1227    | 962    
348        | 6949    | 627     | 1096   
349        | 5743    | 746     | 453    
350        | 6059    | 1528    | 531    
351        | 11932   | 938     | 0      
352        | 9082    | 332     | 1050   
353        | 10560   | 1475    | 691    
354        | 9061    | 2492    | 0      
355        | 13986   | 2977    | 433    
356        | 20510   | 3411    | 1188   
357        | 10192   | 1133    | 187    
358        | 9132    | 1378    | 668    
359        | 7330    | 574     | 0      
360        | 5414    | 512     | 0      
361        | 20107   | 1425    | 1478   
362        | 37566   | 1841    | 0      
363        | 5030    | 506     | 0      
364        | 15718   | 863     | 0      
365        | 13068   | 2069    | 579    
366        | 14365   | 1614    | 106    
367        | 17652   | 1651    | 257    
368        | 8356    | 1015    | 0      
369        | 10890   | 974     | 0      
370        | 3585    | 588     | 0      
371        | 17378   | 1699    | 0      
372        | 11026   | 899     | 333    
373        | 8525    | 2021    | 0      
374        | 7489    | 1651    | 242    
375        | 5667    | 1518    | 153    
376        | 6335    | 643     | 0      
377        | 3717    | 528     | 144    
378        | 5632    | 854     | 230    
379        | 16494   | 1666    | 383    
380        | 9629    | 2143    | 0      
381        | 16383   | 1883    | 0      
382        | 14342   | 1480    | 0      
383        | 13411   | 1503    | 0      
384        | 7992    | 1624    | 959    
385        | 9325    | 2662    | 496    
386        | 8383    | 1195    | 444    
387        | 3528    | 1215    | 409    
388        | 19304   | 2538    | 374    
389        | 4261    | 635     | 406    
390        | 9842    | 1421    | 0      
391        | 4399    | 330     | 63     
392        | 6076    | 1235    | 0      
393        | 15687   | 3690    | 1743   
394        | 23299   | 4612    | 507    
395        | 4800    | 611     | 182    
396        | 6269    | 788     | 905    
397        | 7338    | 1161    | 755    
398        | 3316    | 414     | 0      
399        | 14868   | 1009    | 807    
400        | 4132    | 606     | 670    
401        | 4860    | 790     | 568    
402        | 12785   | 721     | 0      
403        | 8573    | 432     | 0      
404        | 9450    | 589     | 0      
405        | 16230   | 1955    | 0      
406        | 12610   | 1457    | 423    
407        | 8461    | 1072    | 794    
408        | 4044    | 953     | 1552   
409        | 13832   | 4317    | 131    
410        | 10710   | 3093    | 0      
411        | 7505    | 1976    | 228    
412        | 7555    | 1376    | 960    
413        | 6257    | 1141    | 488    
414        | 14827   | 1460    | 903    
415        | 4061    | 151     | 285    
416        | 8244    | 1564    | 1279   
417        | 8536    | 769     | 0      
418        | 13114   | 3364    | 135    
419        | 3498    | 527     | 0      
420        | 10526   | 1327    | 714    
421        | 9665    | 1479    | 874    
422        | 7253    | 1063    | 403    
423        | 17415   | 1700    | 537    
424        | 15250   | 2109    | 636    
425        | 6235    | 545     | 282    
426        | 11950   | 1610    | 293    
427        | 5392    | 887     | 0      
428        | 9166    | 1041    | 297    
429        | 11079   | 1099    | 291    
430        | 15259   | 1799    | 0      
431        | 6218    | 569     | 0      
432        | 6037    | 818     | 431    
433        | 7291    | 972     | 750    
434        | 9755    | 1087    | 0      
435        | 17353   | 723     | 899    
436        | 14036   | 1057    | 750    
437        | 14675   | 1773    | 348    
438        | 10306   | 1215    | 245    
439        | 4802    | 999     | 114    
440        | 11418   | 1374    | 171    
441        | 5707    | 959     | 0      
442        | 13609   | 1371    | 278    
443        | 5099    | 711     | 0      
444        | 12056   | 1647    | 258    
445        | 5371    | 450     | 0      
446        | 21426   | 2066    | 551    
447        | 7922    | 622     | 321    
448        | 6697    | 1357    | 793    
449        | 19183   | 1287    | 1288   
450        | 9988    | 3554    | 0      
451        | 3996    | 1479    | 0      
452        | 4918    | 489     | 574    
453        | 10039   | 866     | 481    
454        | 5451    | 929     | 705    
455        | 33874   | 3291    | 0      
456        | 18387   | 2759    | 567    
457        | 12005   | 735     | 629    
458        | 8202    | 1337    | 302    
459        | 9247    | 1448    | 405    
460        | 22545   | 1466    | 0      
461        | 21907   | 1725    | 547    
462        | 10250   | 431     | 255    
463        | 11525   | 1774    | 885    
464        | 6442    | 566     | 1866   
465        | 20038   | 2525    | 559    
466        | 13449   | 887     | 229    
467        | 7167    | 1269    | 514    
468        | 7715    | 1460    | 526    
469        | 6612    | 892     | 524    
470        | 16913   | 2192    | 0      
471        | 5980    | 868     | 924    
472        | 8693    | 1092    | 0      
473        | 5356    | 747     | 594    
474        | 11687   | 3096    | 0      
475        | 15346   | 2161    | 457    
476        | 7364    | 670     | 300    
477        | 15066   | 1530    | 438    
478        | 6749    | 1340    | 194    
479        | 9873    | 1737    | 401    
480        | 12869   | 964     | 827    
481        | 14378   | 1917    | 0      
482        | 11969   | 104     | 0      
483        | 14619   | 2904    | 749    
484        | 10423   | 1572    | 465    
485        | 8998    | 3113    | 1183   
486        | 22084   | 2884    | 703    
487        | 13594   | 1522    | 348    
488        | 13323   | 3268    | 636    
489        | 8307    | 1002    | 227    
490        | 15649   | 1630    | 754    
491        | 3537    | 456     | 243    
492        | 11165   | 2322    | 1009   
493        | 7656    | 2034    | 448    
494        | 20794   | 1491    | 1137   
495        | 8100    | 1329    | 788    
496        | 7608    | 1331    | 645    
497        | 13620   | 1798    | 0      
498        | 5275    | 270     | 344    
499        | 7910    | 1243    | 179    
500        | 13331   | 1595    | 673    
501        | 13443   | 2120    | 428    
502        | 10476   | 758     | 0      
503        | 12253   | 1001    | 414    
504        | 6924    | 699     | 0      
505        | 7377    | 675     | 154    
506        | 6573    | 742     | 516    
507        | 23573   | 1604    | 334    
508        | 23662   | 2620    | 1174   
509        | 17325   | 1283    | 1055   
510        | 11878   | 1270    | 0      
511        | 14053   | 2471    | 1736   
512        | 5145    | 811     | 588    
513        | 8370    | 1499    | 204    
514        | 24748   | 3187    | 308    
515        | 7133    | 1143    | 379    
516        | 8135    | 1384    | 309    
517        | 7223    | 1419    | 0      
518        | 5557    | 1046    | 0      
519        | 10135   | 1612    | 141    
520        | 6675    | 516     | 230    
521        | 15010   | 1541    | 417    
522        | 20661   | 1219    | 821    
523        | 6116    | 1269    | 798    
524        | 16747   | 975     | 1250   
525        | 12009   | 2887    | 190    
526        | 2644    | 687     | 82     
527        | 6141    | 1222    | 324    
528        | 11817   | 1656    | 1150   
529        | 22772   | 2160    | 1883   
530        | 6126    | 1248    | 437    
531        | 7847    | 1036    | 311    
532        | 6672    | 1034    | 666    
533        | 7369    | 1227    | 962    
534        | 6949    | 627     | 1096   
535        | 5743    | 746     | 453    
536        | 6059    | 1528    | 531    
537        | 11932   | 938     | 0      
538        | 9082    | 332     | 1050   
539        | 10560   | 1475    | 691    
540        | 9061    | 2492    | 0      
541        | 13986   | 2977    | 433    
542        | 20510   | 3411    | 1188   
543        | 10192   | 1133    | 187    
544        | 9132    | 1378    | 668    
545        | 7330    | 574     | 0      
546        | 5414    | 512     | 0      
547        | 20107   | 1425    | 1478   
548        | 37566   | 1841    | 0      
549        | 5030    | 506     | 0      
550        | 15718   | 863     | 0      
551        | 13068   | 2069    | 579    
552        | 14365   | 1614    | 106    
553        | 17652   | 1651    | 257    
554        | 8356    | 1015    | 0      
555        | 10890   | 974     | 0      
556        | 3585    | 588     | 0      
557        | 17378   | 1699    | 0      
558        | 11026   | 899     | 333    
559        | 8525    | 2021    | 0      
560        | 7489    | 1651    | 242    
561        | 5667    | 1518    | 153    
562        | 6335    | 643     | 0      
563        | 3717    | 528     | 144    
564        | 5632    | 854     | 230    
565        | 16494   | 1666    | 383    
566        | 9629    | 2143    | 0      
567        | 16383   | 1883    | 0      
568        | 14342   | 1480    | 0      
569        | 13411   | 1503    | 0      
570        | 7992    | 1624    | 959    
571        | 9325    | 2662    | 496    
572        | 8383    | 1195    | 444    
573        | 3528    | 1215    | 409    
574        | 19304   | 2538    | 374    
575        | 4261    | 635     | 406    
576        | 9842    | 1421    | 0      
577        | 4399    | 330     | 63     
578        | 6076    | 1235    | 0      
579        | 15687   | 3690    | 1743   
580        | 23299   | 4612    | 507    
581        | 4800    | 611     | 182    
582        | 6269    | 788     | 905    
583        | 7338    | 1161    | 755    
584        | 3316    | 414     | 0      
585        | 14868   | 1009    | 807    
586        | 4132    | 606     | 670    
587        | 4860    | 790     | 568    
588        | 12785   | 721     | 0      
589        | 8573    | 432     | 0      
590        | 9450    | 589     | 0      
591        | 16230   | 1955    | 0      
592        | 12610   | 1457    | 423    
593        | 8461    | 1072    | 794    
594        | 4044    | 953     | 1552   
595        | 13832   | 4317    | 131    
596        | 10710   | 3093    | 0      
597        | 7505    | 1976    | 228    
598        | 7555    | 1376    | 960    
599        | 6257    | 1141    | 488    
600        | 14827   | 1460    | 903    
601        | 4061    | 151     | 285    
602        | 8244    | 1564    | 1279   
603        | 8536    | 769     | 0      
604        | 13114   | 3364    | 135    
605        | 3498    | 527     | 0      
606        | 10526   | 1327    | 714    
607        | 9665    | 1479    | 874    
608        | 7253    | 1063    | 403    
609        | 17415   | 1700    | 537    
610        | 15250   | 2109    | 636    
611        | 6235    | 545     | 282    
612        | 11950   | 1610    | 293    
613        | 5392    | 887     | 0      
614        | 9166    | 1041    | 297    
615        | 11079   | 1099    | 291    
616        | 15259   | 1799    | 0      
617        | 6218    | 569     | 0      
618        | 6037    | 818     | 431    
619        | 7291    | 972     | 750    
620        | 9755    | 1087    | 0      
621        | 17353   | 723     | 899    
622        | 14036   | 1057    | 750    
623        | 14675   | 1773    | 348    
624        | 10306   | 1215    | 245    
625        | 4802    | 999     | 114    
626        | 11418   | 1374    | 171    
627        | 5707    | 959     | 0      
628        | 13609   | 1371    | 278    
629        | 5099    | 711     | 0      
630        | 12056   | 1647    | 258    
631        | 5371    | 450     | 0      
632        | 21426   | 2066    | 551    
633        | 7922    | 622     | 321    
634        | 6697    | 1357    | 793    
635        | 19183   | 1287    | 1288   
636        | 9988    | 3554    | 0      
637        | 3996    | 1479    | 0      
638        | 4918    | 489     | 574    
639        | 10039   | 866     | 481    
640        | 5451    | 929     | 705    
641        | 33874   | 3291    | 0      
642        | 18387   | 2759    | 567    
643        | 12005   | 735     | 629    
644        | 8202    | 1337    | 302    
645        | 9247    | 1448    | 405    
646        | 22545   | 1466    | 0      
647        | 21907   | 1725    | 547    
648        | 10250   | 431     | 255    
649        | 11525   | 1774    | 885    
650        | 6442    | 566     | 1866   
651        | 20038   | 2525    | 559    
652        | 13449   | 887     | 229    
653        | 7167    | 1269    | 514    
654        | 7715    | 1460    | 526    
655        | 6612    | 892     | 524    
656        | 16913   | 2192    | 0      
657        | 5980    | 868     | 924    
658        | 8693    | 1092    | 0      
659        | 5356    | 747     | 594    
660        | 11687   | 3096    | 0      
661        | 15346   | 2161    | 457    
662        | 7364    | 670     | 300    
663        | 15066   | 1530    | 438    
664        | 6749    | 1340    | 194    
665        | 9873    | 1737    | 401    
666        | 12869   | 964     | 827    
667        | 14378   | 1917    | 0      
668        | 11969   | 104     | 0      
669        | 14619   | 2904    | 749    
670        | 10423   | 1572    | 465    
671        | 8998    | 3113    | 1183   
672        | 22084   | 2884    | 703    
673        | 13594   | 1522    | 348    
674        | 13323   | 3268    | 636    
