
Basic Statistics (L side):
Number of subjects: 34
Input features: 6
Total samples: 57,991,982
Unique labels: [0 1 2]
Samples with label 0: 57,391,764
Samples with label 1: 418,318
Samples with label 2: 181,900

Subject-wise Sample Distribution:
Subject_ID | Label_0 | Label_1 | Label_2
------------------------------------
1          | 1961448 | 17478   | 5440   
2          | 2042286 | 402     | 4222   
3          | 1976157 | 5120    | 5002   
4          | 1868853 | 13612   | 2023   
5          | 1811880 | 17417   | 3167   
6          | 1616294 | 10596   | 2551   
7          | 1755964 | 0       | 26392  
8          | 1722828 | 18693   | 416    
9          | 1555625 | 27610   | 2396   
10         | 1691494 | 13630   | 0      
11         | 1945837 | 0       | 0      
12         | 1850514 | 0       | 0      
13         | 1936210 | 11810   | 8740   
14         | 1546607 | 18461   | 15630  
15         | 2001032 | 12873   | 0      
16         | 1891403 | 0       | 0      
17         | 3658772 | 11007   | 0      
18         | 2392500 | 14148   | 0      
19         | 1663964 | 8009    | 0      
20         | 1332979 | 4531    | 7359   
21         | 1378738 | 0       | 5293   
22         | 1218842 | 14418   | 5384   
23         | 2495227 | 49995   | 1058   
24         | 1166194 | 55948   | 13713  
25         | 1163854 | 14116   | 0      
26         | 1297191 | 13767   | 880    
27         | 1302927 | 0       | 7318   
28         | 1127063 | 20154   | 3287   
29         | 1133881 | 7206    | 10158  
30         | 1330214 | 10238   | 18742  
31         | 1241013 | 6715    | 436    
32         | 1281975 | 5446    | 11285  
33         | 1409908 | 0       | 6816   
34         | 1622090 | 14918   | 14192  

Basic Statistics (R side):
Number of subjects: 34
Input features: 6
Total samples: 57,991,982
Unique labels: [0 1 2]
Samples with label 0: 57,180,661
Samples with label 1: 591,267
Samples with label 2: 220,054

Subject-wise Sample Distribution:
Subject_ID | Label_0 | Label_1 | Label_2
------------------------------------
1          | 1978059 | 3963    | 2344   
2          | 2004469 | 32620   | 9821   
3          | 1965156 | 18901   | 2222   
4          | 1855520 | 21755   | 7213   
5          | 1786242 | 31320   | 14902  
6          | 1606444 | 8695    | 14302  
7          | 1756087 | 17367   | 8902   
8          | 1739356 | 0       | 2581   
9          | 1578809 | 4303    | 2519   
10         | 1695420 | 5675    | 4029   
11         | 1923109 | 16369   | 6359   
12         | 1828940 | 12336   | 9238   
13         | 1940133 | 12655   | 3972   
14         | 1579083 | 1135    | 480    
15         | 2003376 | 0       | 10529  
16         | 1868520 | 13790   | 9093   
17         | 3668580 | 0       | 1199   
18         | 2405202 | 235     | 1211   
19         | 1665248 | 4043    | 2682   
20         | 1323534 | 21335   | 0      
21         | 1335273 | 45074   | 3684   
22         | 1190227 | 42722   | 5695   
23         | 2519052 | 0       | 27228  
24         | 1235855 | 0       | 0      
25         | 1137159 | 25368   | 15443  
26         | 1289106 | 18722   | 4010   
27         | 1275081 | 35164   | 0      
28         | 1128314 | 11960   | 10230  
29         | 1122615 | 26328   | 2302   
30         | 1309788 | 43406   | 6000   
31         | 1171216 | 58108   | 18840  
32         | 1283611 | 13189   | 1906   
33         | 1384131 | 27456   | 5137   
34         | 1627946 | 17273   | 5981   
